25.524054601740488 -225.63045775253644 597.6472088623268 422.191499632132 496.17095709675164
44.807682892336686 -225.63045775253644 574.6658755687574 440.51529069591123 504.0159855545437
64.09131118293286 -225.63045775253644 551.6845422751882 460.36569748795347 512.5146093186047
83.37493947352904 -225.63045775253644 528.7032089816188 481.9417938795712 521.7520585784848
102.65856776412522 -225.63045775253644 505.72187568804947 505.4788395050947 531.8290558604273
121.9421960547214 -225.63045775253644 482.74054239448014 531.2568930541834 542.8655036661894
141.2258243453176 -225.63045775253644 459.75920910091077 559.6120088068965 555.0052780845812
160.50945263591376 -225.63045775253644 436.77787580734145 590.9509678437336 568.4225357157027
179.79308092650996 -225.63045775253644 413.7965425137721 625.7709180861706 583.3301222298704
31.47206133996488 -196.65268296386438 602.6381791226108 427.1362873187559 469.5606668170527
50.755689630561065 -196.65268296386438 579.6568458290416 445.49834984917425 476.2831444788654
70.03931792115725 -196.65268296386438 556.6755125354722 465.3765009068099 483.5606726008682
89.32294621175343 -196.65268296386438 533.6941792419029 486.96659274432926 491.46495404276914
108.60657450234962 -196.65268296386438 510.71284594833355 510.49972987743166 500.0805977607655
127.89020279294579 -196.65268296386438 487.7315126547642 536.2505743100085 509.50815940772327
147.17383108354198 -196.65268296386438 464.75017936119485 564.5481148592359 519.8680840573255
166.45745937413815 -196.65268296386438 441.76884606762553 595.789797878168 531.3058795590174
185.74108766473432 -196.65268296386438 418.78751277405615 630.4603105933545 543.9989932473808
37.420068078189274 -167.67490817519234 607.6291493828949 431.9998435887749 443.38752201511227
56.703696368785444 -167.67490817519234 584.6478160893256 450.39633111672634 449.02379797969195
75.98732465938164 -167.67490817519234 561.6664827957563 470.29825229350934 455.1213054417675
95.27095294997781 -167.67490817519234 538.685149502187 491.8982811094901 461.73907544078315
114.554581240574 -167.67490817519234 515.7038162086176 515.4234361152292 468.94666142807546
133.83820953117018 -167.67490817519234 492.7224829150482 541.1430898366395 476.8265931741246
153.12183782176635 -167.67490817519234 469.7411496214789 569.3793292769859 485.47755099669456
172.40546611236255 -167.67490817519234 446.75981632790956 600.5205140853789 495.0185196831027
191.68909440295872 -167.67490817519234 423.7784830343402 635.0392462487675 505.59429400549254
43.36807481641365 -138.6971333865203 612.620119643179 436.78415380100216 417.6408385164692
62.65170310700984 -138.6971333865203 589.6387863496096 455.2113949120643 422.22592243813466
81.93533139760602 -138.6971333865203 566.6574530560404 475.1333046888975 427.18291126006926
101.2189596882022 -138.6971333865203 543.676119762471 496.7394232502765 432.55896653759567
120.50258797879837 -138.6971333865203 520.6947864689016 520.2527528102778 438.4095758968917
139.78621626939457 -138.6971333865203 497.7134531753323 545.9374830427442 444.80047526763366
159.06984455999074 -138.6971333865203 474.73211988176297 574.1089603113068 451.81012943643424
178.3534728505869 -138.6971333865203 451.7507865881936 605.1466998098502 459.53296974019423
197.6371011411831 -138.6971333865203 428.76945329462427 639.5115822781842 468.0836729694961
49.31608155463803 -109.71935859784824 617.611089903463 441.49113913880416 392.31027750572616
68.59970984523422 -109.71935859784824 594.6297566098938 459.94562911575537 395.8778979118686
87.8833381358304 -109.71935859784824 571.6484233163244 479.8839289577379 399.73236831277836
107.16696642642658 -109.71935859784824 548.667090022755 501.4924901378178 403.9097334911015
126.45059471702277 -109.71935859784824 525.6857567291856 524.9903684246184 408.45234128908146
145.73422300761894 -109.71935859784824 502.7044234356164 550.6366764742211 413.41028334298005
165.01785129821513 -109.71935859784824 479.723090142047 578.7401785390751 418.84324993137477
184.3014795888113 -109.71935859784824 456.7417568484777 609.6717817704412 424.8229447926657
203.58510787940747 -109.71935859784824 433.76042355490836 643.8809983780511 431.4362675883586
55.264088292862425 -80.7415838091762 622.6020601637472 446.1226591823525 367.3858316840261
74.54771658345861 -80.7415838091762 599.6207268701778 464.6010520940936 369.9684913350329
93.83134487405479 -80.7415838091762 576.6393935766084 484.5523173449937 372.75700914586986
113.11497316465096 -80.7415838091762 553.658060283039 506.1598636446154 375.7770195034717
132.39860145524716 -80.7415838091762 530.6767269894698 529.6388702812482 379.05859725624384
151.68222974584333 -80.7415838091762 507.6953936959004 555.2434777549907 382.6372627234277
170.9658580364395 -80.7415838091762 484.7140604023311 583.2760239508602 386.55527260236335
190.2494863270357 -80.7415838091762 461.7327271087617 614.0990385253893 390.8632963815011
209.53311461763187 -80.7415838091762 438.7513938151924 648.1510068128184 395.6226196058398
61.212095031086804 -51.76380902050415 627.5930304240312 450.68051435813896 342.85781208702804
80.49572332168299 -51.76380902050415 604.6116971304618 469.17961556824343 344.48684055022136
99.77935161227917 -51.76380902050415 581.6303638368925 489.1405868490105 346.2446011030203
119.06297990287536 -51.76380902050415 558.6490305433231 510.7438405245777 348.1469808313857
138.34660819347152 -51.76380902050415 535.6676972497538 534.2007492758297 350.2125931862956
157.63023648406772 -51.76380902050415 512.6863639561844 559.7605851807887 352.4633890347439
176.9138647746639 -51.76380902050415 489.7050306626151 587.7194126054629 354.92543976656145
196.19749306526006 -51.76380902050415 466.7236973690458 618.4316083941857 357.62995176088845
215.48112135585626 -51.76380902050415 443.7423640754764 652.3249618308538 360.61459608681093
67.16010176931118 -22.786034231832097 632.5840006843152 455.16644827253265 318.71683552690683
86.44373005990738 -22.786034231832097 609.6026673907459 473.6832073424429 319.4224391248797
105.72735835050355 -22.786034231832097 586.6213340971765 493.6507824225047 320.183327829328
125.01098664109973 -22.786034231832097 563.6400008036072 515.2466361815993 321.0062640708258
144.29461493169592 -22.786034231832097 540.6586675100378 538.6784043274275 321.89916006024487
163.5782432222921 -22.786034231832097 517.6773342164686 564.1905929893749 322.8713330006643
182.86187151288829 -22.786034231832097 494.6960009228992 592.0731428816326 323.93383143520975
202.14549980348446 -22.786034231832097 471.7146676293298 622.6724968765438 325.09985699038054
221.42912809408062 -22.786034231832097 448.7333343357605 656.406068451996 326.385315713813
73.10810850753558 6.191740556839953 637.5749709445993 459.582149935735 294.95381262417993
92.39173679813176 6.191740556839953 614.5936376510299 478.1136538992743 294.7651219075159
111.67536508872794 6.191740556839953 591.6123043574606 498.0848800115263 294.5617717112666
130.9589933793241 6.191740556839953 568.6309710638913 519.6703882396757 294.3419846381213
150.2426216699203 6.191740556839953 545.649637770322 543.0741465849854 294.1036838534955
169.52624996051648 6.191740556839953 522.6683044767526 568.5359963287937 293.84442725536917
188.80987825111265 6.191740556839953 499.68697118318323 596.339901355123 293.56132347837416
208.09350654170885 6.191740556839953 476.7056378896139 626.8245836053237 293.2509236019053
227.37713483230505 6.191740556839953 453.7243045960446 660.3973906751289 292.90907994804485
79.05611524575995 35.169515345512 642.5659412048833 463.92925588209005 271.5599363972932
98.33974353635614 35.169515345512 619.584607911314 482.4727228695015 270.5050512820102
117.62337182695232 35.169515345512 596.6032746177447 502.4447894418853 269.36889719804344
136.9070001175485 35.169515345512 573.6219413241754 524.0171599266396 268.1417063743865
156.19062840814468 35.169515345512 550.640608030606 547.3902034050387 266.8120803836823
175.47425669874087 35.169515345512 527.6592747370366 572.7991959436715 265.36663503942515
194.75788498933704 35.169515345512 504.6779414434673 600.5222683270226 263.7895482720497
214.0415132799332 35.169515345512 481.696608149898 630.8906288672098 262.06197858235026
233.3251415705294 35.169515345512 458.7152748563286 664.3018591499489 260.161308684295
85.00412198398433 64.14729013418406 647.5569114651673 468.20935219234235 248.52667137987373
104.28775027458053 64.14729013418406 624.5755781715981 486.7621253834878 246.63270408097378
123.5713785651767 64.14729013418406 601.5942448780287 506.7323571618981 244.59403495317923
142.8550068557729 64.14729013418406 578.6129115844594 528.2889432827744 242.39342220552027
162.13863514636907 64.14729013418406 555.63157829089 551.6287221150486 240.01077151408714
181.42226343696524 64.14729013418406 532.6502449973207 576.9825025980509 237.42252065565418
200.70589172756144 64.14729013418406 509.66891170375135 604.6227230272691 234.600857657461
219.9895200181576 64.14729013418406 486.687578410182 634.8732797221734 231.512717433712
239.2731483087538 64.14729013418406 463.70624511661265 668.1222783532945 228.11848006123302
90.95212872220873 93.1250649228561 652.5478817254515 472.4239764230925 225.8457432373981
110.23575701280491 93.1250649228561 629.5665484318821 490.9835183107671 223.13885912158378
129.5193853034011 93.1250649228561 606.5852151383128 510.94936884973106 220.22686678848993
148.80301359399726 93.1250649228561 583.6038818447435 532.4876622047884 217.08553579457833
168.08664188459346 93.1250649228561 560.6225485511741 555.7917735757159 213.68666262815486
187.37027017518963 93.1250649228561 537.6412152576047 581.0881412518786 209.99722157056732
206.6538984657858 93.1250649228561 514.6598819640354 608.6436485153899 205.97828805560061
225.937526756382 93.1250649228561 491.67854867046606 638.7750757502264 201.58366009212938
245.2211550469782 93.1250649228561 468.69721537689674 671.8613333069704 196.75807411731773
-199.07670921710613 -225.63045775253644 390.81520922020275 135.3140562346733 599.990947646733
-179.79308092650996 -225.63045775253644 413.7965425137721 174.2290819138295 583.3301222298704
-160.50945263591376 -225.63045775253644 436.77787580734145 209.04903215626655 568.4225357157027
-141.2258243453176 -225.63045775253644 459.75920910091077 240.38799119310352 555.0052780845812
-121.9421960547214 -225.63045775253644 482.74054239448014 268.7431069458166 542.8655036661894
-102.65856776412522 -225.63045775253644 505.72187568804947 294.5211604949053 531.8290558604273
-83.37493947352904 -225.63045775253644 528.7032089816188 318.05820612042885 521.7520585784848
-64.09131118293286 -225.63045775253644 551.6845422751882 339.6343025120465 512.5146093186047
-44.807682892336686 -225.63045775253644 574.6658755687574 359.4847093040887 504.0159855545437
-205.02471595533052 -196.65268296386438 395.80617948048683 130.84309195871188 558.1660843081454
-185.74108766473432 -196.65268296386438 418.78751277405615 169.53968940664546 543.9989932473808
-166.45745937413815 -196.65268296386438 441.76884606762553 204.2102021218321 531.3058795590174
-147.17383108354198 -196.65268296386438 464.75017936119485 235.45188514076418 519.8680840573255
-127.89020279294579 -196.65268296386438 487.7315126547642 263.74942568999154 509.50815940772327
-108.60657450234962 -196.65268296386438 510.71284594833355 289.50027012256834 500.0805977607655
-89.32294621175343 -196.65268296386438 533.6941792419029 313.0334072556707 491.46495404276914
-70.03931792115725 -196.65268296386438 556.6755125354722 334.62349909319016 483.5606726008682
-50.755689630561065 -196.65268296386438 579.6568458290416 354.50165015082575 476.2831444788654
-210.9727226935549 -167.67490817519234 400.79714974077086 126.48347802419144 517.3828783226521
-191.68909440295872 -167.67490817519234 423.7784830343402 164.9607537512325 505.59429400549254
-172.40546611236255 -167.67490817519234 446.75981632790956 199.4794859146211 495.0185196831027
-153.12183782176635 -167.67490817519234 469.7411496214789 230.62067072301423 485.47755099669456
-133.83820953117018 -167.67490817519234 492.7224829150482 258.85691016336034 476.8265931741246
-114.554581240574 -167.67490817519234 515.7038162086176 284.5765638847709 468.94666142807546
-95.27095294997781 -167.67490817519234 538.685149502187 308.1017188905099 461.73907544078315
-75.98732465938164 -167.67490817519234 561.6664827957563 329.70174770649055 455.1213054417675
-56.703696368785444 -167.67490817519234 584.6478160893256 349.6036688832736 449.02379797969195
-216.9207294317793 -138.6971333865203 405.78812000105495 122.2311057875968 477.6028942559873
-197.6371011411831 -138.6971333865203 428.76945329462427 160.48841772181586 468.0836729694961
-178.3534728505869 -138.6971333865203 451.7507865881936 194.85330019014975 459.53296974019423
-159.06984455999074 -138.6971333865203 474.73211988176297 225.89103968869338 451.81012943643424
-139.78621626939457 -138.6971333865203 497.7134531753323 254.0625169572557 444.80047526763366
-120.50258797879837 -138.6971333865203 520.6947864689016 279.74724718972215 438.4095758968917
-101.2189596882022 -138.6971333865203 543.676119762471 303.26057674972355 432.55896653759567
-81.93533139760602 -138.6971333865203 566.6574530560404 324.8666953111025 427.18291126006926
-62.65170310700984 -138.6971333865203 589.6387863496096 344.78860508793576 422.22592243813466
-222.86873617000367 -109.71935859784824 410.779090261339 118.08206628566019 438.78956463760505
-203.58510787940747 -109.71935859784824 433.76042355490836 156.11900162194877 431.4362675883586
-184.3014795888113 -109.71935859784824 456.7417568484777 190.3282182295589 424.8229447926657
-165.01785129821513 -109.71935859784824 479.723090142047 221.25982146092483 418.84324993137477
-145.73422300761894 -109.71935859784824 502.7044234356164 249.36332352577898 413.41028334298005
-126.45059471702277 -109.71935859784824 525.6857567291856 275.00963157538166 408.45234128908146
-107.16696642642658 -109.71935859784824 548.667090022755 298.50750986218213 403.9097334911015
-87.8833381358304 -109.71935859784824 571.6484233163244 320.11607104226215 399.73236831277836
-68.59970984523422 -109.71935859784824 594.6297566098938 340.0543708842447 395.8778979118686
-228.81674290822806 -80.7415838091762 415.77006052162307 114.032638250393 400.90807784400397
-209.53311461763187 -80.7415838091762 438.7513938151924 151.84899318718152 395.6226196058398
-190.2494863270357 -80.7415838091762 461.7327271087617 185.9009614746106 390.8632963815011
-170.9658580364395 -80.7415838091762 484.7140604023311 216.72397604913982 386.55527260236335
-151.68222974584333 -80.7415838091762 507.6953936959004 244.75652224500928 382.6372627234277
-132.39860145524716 -80.7415838091762 530.6767269894698 270.3611297187518 379.05859725624384
-113.11497316465096 -80.7415838091762 553.658060283039 293.84013635538463 375.7770195034717
-93.83134487405479 -80.7415838091762 576.6393935766084 315.4476826550063 372.75700914586986
-74.54771658345861 -80.7415838091762 599.6207268701778 335.3989479059065 369.9684913350329
-234.76474964645246 -51.76380902050415 420.7610307819071 110.07927697709572 363.92527396146454
-215.48112135585626 -51.76380902050415 443.7423640754764 147.6750381691462 360.61459608681093
-196.19749306526006 -51.76380902050415 466.7236973690458 181.56839160581424 357.62995176088845
-176.9138647746639 -51.76380902050415 489.7050306626151 212.28058739453704 354.92543976656145
-157.63023648406772 -51.76380902050415 512.6863639561844 240.2394148192114 352.4633890347439
-138.34660819347152 -51.76380902050415 535.6676972497538 265.79925072417035 350.2125931862956
-119.06297990287536 -51.76380902050415 558.6490305433231 289.25615947542235 348.1469808313857
-99.77935161227917 -51.76380902050415 581.6303638368925 310.85941315098944 346.2446011030203
-80.49572332168299 -51.76380902050415 604.6116971304618 330.82038443175657 344.48684055022136
-240.71275638467682 -22.786034231832097 425.7520010421912 106.21860397535045 327.8095479734169
-221.42912809408062 -22.786034231832097 448.7333343357605 143.59393154800398 326.385315713813
-202.14549980348446 -22.786034231832097 471.7146676293298 177.32750312345615 325.09985699038054
-182.86187151288829 -22.786034231832097 494.6960009228992 207.92685711836725 323.93383143520975
-163.5782432222921 -22.786034231832097 517.6773342164686 235.80940701062514 322.8713330006643
-144.29461493169592 -22.786034231832097 540.6586675100378 261.3215956725725 321.89916006024487
-125.01098664109973 -22.786034231832097 563.6400008036072 284.75336381840066 321.0062640708258
-105.72735835050355 -22.786034231832097 586.6213340971765 306.34921757749527 320.183327829328
-86.44373005990738 -22.786034231832097 609.6026673907459 326.3167926575571 319.4224391248797
-246.66076312290122 6.191740556839953 430.7429713024752 102.44739733948971 292.53075967835065
-227.37713483230505 6.191740556839953 453.7243045960446 139.60260932487103 292.90907994804485
-208.09350654170885 6.191740556839953 476.7056378896139 173.17541639467638 293.2509236019053
-188.80987825111265 6.191740556839953 499.68697118318323 203.66009864487708 293.56132347837416
-169.52624996051648 6.191740556839953 522.6683044767526 231.46400367120634 293.84442725536917
-150.2426216699203 6.191740556839953 545.649637770322 256.9258534150146 294.1036838534955
-130.9589933793241 6.191740556839953 568.6309710638913 280.3296117603243 294.3419846381213
-111.67536508872794 6.191740556839953 591.6123043574606 301.91511998847363 294.5617717112666
-92.39173679813176 6.191740556839953 614.5936376510299 321.88634610072563 294.7651219075159
-252.6087698611256 35.169515345512 435.7339415627593 98.76258278085609 258.0601497986176
-233.3251415705294 35.169515345512 458.7152748563286 135.69814085005115 260.161308684295
-214.0415132799332 35.169515345512 481.696608149898 169.10937113279027 262.06197858235026
-194.75788498933704 35.169515345512 504.6779414434673 199.47773167297748 263.7895482720497
-175.47425669874087 35.169515345512 527.6592747370366 227.20080405632848 265.36663503942515
-156.19062840814468 35.169515345512 550.640608030606 252.60979659496127 266.8120803836823
-136.9070001175485 35.169515345512 573.6219413241754 275.9828400733605 268.1417063743865
-117.62337182695232 35.169515345512 596.6032746177447 297.5552105581147 269.36889719804344
-98.33974353635614 35.169515345512 619.584607911314 317.5272771304984 270.5050512820102
-258.55677659935 64.14729013418406 440.7249118230433 95.16122526938922 224.3702617893681
-239.2731483087538 64.14729013418406 463.70624511661265 131.87772164670545 228.11848006123302
-219.9895200181576 64.14729013418406 486.687578410182 165.12672027782662 231.512717433712
-200.70589172756144 64.14729013418406 509.66891170375135 195.377276972731 234.600857657461
-181.42226343696524 64.14729013418406 532.6502449973207 223.01749740194907 237.42252065565418
-162.13863514636907 64.14729013418406 555.63157829089 248.37127788495135 240.01077151408714
-142.8550068557729 64.14729013418406 578.6129115844594 271.71105671722563 242.39342220552027
-123.5713785651767 64.14729013418406 601.5942448780287 293.2676428381019 244.59403495317923
-104.28775027458053 64.14729013418406 624.5755781715981 313.2378746165122 246.63270408097378
-264.5047833375744 93.1250649228561 445.7158820833274 91.64052123678154 191.43486890082443
-245.2211550469782 93.1250649228561 468.69721537689674 128.13866669302953 196.75807411731773
-225.937526756382 93.1250649228561 491.67854867046606 161.22492424977364 201.58366009212938
-206.6538984657858 93.1250649228561 514.6598819640354 191.35635148461 205.97828805560061
-187.37027017518963 93.1250649228561 537.6412152576047 218.91185874812143 209.99722157056732
-168.08664188459346 93.1250649228561 560.6225485511741 244.20822642428422 213.68666262815486
-148.80301359399726 93.1250649228561 583.6038818447435 267.51233779521147 217.08553579457833
-129.5193853034011 93.1250649228561 606.5852151383128 289.050631150269 220.22686678848993
-110.23575701280491 93.1250649228561 629.5665484318821 309.0164816892329 223.13885912158378
