25.524054601740488 -225.63045775253644 597.6472088623268 422 496
44.807682892336686 -225.63045775253644 574.6658755687574 440 504
64.09131118293286 -225.63045775253644 551.6845422751882 460 512
83.37493947352904 -225.63045775253644 528.7032089816188 481 521
102.65856776412522 -225.63045775253644 505.72187568804947 505 531
121.9421960547214 -225.63045775253644 482.74054239448014 531 542
141.2258243453176 -225.63045775253644 459.75920910091077 559 555
160.50945263591376 -225.63045775253644 436.77787580734145 590 568
179.79308092650996 -225.63045775253644 413.7965425137721 625 583
31.47206133996488 -196.65268296386438 602.6381791226108 427 469
50.755689630561065 -196.65268296386438 579.6568458290416 445 476
70.03931792115725 -196.65268296386438 556.6755125354722 465 483
89.32294621175343 -196.65268296386438 533.6941792419029 486 491
108.60657450234962 -196.65268296386438 510.71284594833355 510 500
127.89020279294579 -196.65268296386438 487.7315126547642 536 509
147.17383108354198 -196.65268296386438 464.75017936119485 564 519
166.45745937413815 -196.65268296386438 441.76884606762553 595 531
185.74108766473432 -196.65268296386438 418.78751277405615 630 543
37.420068078189274 -167.67490817519234 607.6291493828949 431 443
56.703696368785444 -167.67490817519234 584.6478160893256 450 449
75.98732465938164 -167.67490817519234 561.6664827957563 470 455
95.27095294997781 -167.67490817519234 538.685149502187 491 461
114.554581240574 -167.67490817519234 515.7038162086176 515 468
133.83820953117018 -167.67490817519234 492.7224829150482 541 476
153.12183782176635 -167.67490817519234 469.7411496214789 569 485
172.40546611236255 -167.67490817519234 446.75981632790956 600 495
191.68909440295872 -167.67490817519234 423.7784830343402 635 505
43.36807481641365 -138.6971333865203 612.620119643179 436 417
62.65170310700984 -138.6971333865203 589.6387863496096 455 422
81.93533139760602 -138.6971333865203 566.6574530560404 475 427
101.2189596882022 -138.6971333865203 543.676119762471 496 432
120.50258797879837 -138.6971333865203 520.6947864689016 520 438
139.78621626939457 -138.6971333865203 497.7134531753323 545 444
159.06984455999074 -138.6971333865203 474.73211988176297 574 451
178.3534728505869 -138.6971333865203 451.7507865881936 605 459
197.6371011411831 -138.6971333865203 428.76945329462427 639 468
49.31608155463803 -109.71935859784824 617.611089903463 441 392
68.59970984523422 -109.71935859784824 594.6297566098938 459 395
87.8833381358304 -109.71935859784824 571.6484233163244 479 399
107.16696642642658 -109.71935859784824 548.667090022755 501 403
126.45059471702277 -109.71935859784824 525.6857567291856 524 408
145.73422300761894 -109.71935859784824 502.7044234356164 550 413
165.01785129821513 -109.71935859784824 479.723090142047 578 418
184.3014795888113 -109.71935859784824 456.7417568484777 609 424
203.58510787940747 -109.71935859784824 433.76042355490836 643 431
55.264088292862425 -80.7415838091762 622.6020601637472 446 367
74.54771658345861 -80.7415838091762 599.6207268701778 464 369
93.83134487405479 -80.7415838091762 576.6393935766084 484 372
113.11497316465096 -80.7415838091762 553.658060283039 506 375
132.39860145524716 -80.7415838091762 530.6767269894698 529 379
151.68222974584333 -80.7415838091762 507.6953936959004 555 382
170.9658580364395 -80.7415838091762 484.7140604023311 583 386
190.2494863270357 -80.7415838091762 461.7327271087617 614 390
209.53311461763187 -80.7415838091762 438.7513938151924 648 395
61.212095031086804 -51.76380902050415 627.5930304240312 450 342
80.49572332168299 -51.76380902050415 604.6116971304618 469 344
99.77935161227917 -51.76380902050415 581.6303638368925 489 346
119.06297990287536 -51.76380902050415 558.6490305433231 510 348
138.34660819347152 -51.76380902050415 535.6676972497538 534 350
157.63023648406772 -51.76380902050415 512.6863639561844 559 352
176.9138647746639 -51.76380902050415 489.7050306626151 587 354
196.19749306526006 -51.76380902050415 466.7236973690458 618 357
215.48112135585626 -51.76380902050415 443.7423640754764 652 360
67.16010176931118 -22.786034231832097 632.5840006843152 455 318
86.44373005990738 -22.786034231832097 609.6026673907459 473 319
105.72735835050355 -22.786034231832097 586.6213340971765 493 320
125.01098664109973 -22.786034231832097 563.6400008036072 515 321
144.29461493169592 -22.786034231832097 540.6586675100378 538 321
163.5782432222921 -22.786034231832097 517.6773342164686 564 322
182.86187151288829 -22.786034231832097 494.6960009228992 592 323
202.14549980348446 -22.786034231832097 471.7146676293298 622 325
221.42912809408062 -22.786034231832097 448.7333343357605 656 326
73.10810850753558 6.191740556839953 637.5749709445993 459 294
92.39173679813176 6.191740556839953 614.5936376510299 478 294
111.67536508872794 6.191740556839953 591.6123043574606 498 294
130.9589933793241 6.191740556839953 568.6309710638913 519 294
150.2426216699203 6.191740556839953 545.649637770322 543 294
169.52624996051648 6.191740556839953 522.6683044767526 568 293
188.80987825111265 6.191740556839953 499.68697118318323 596 293
208.09350654170885 6.191740556839953 476.7056378896139 626 293
227.37713483230505 6.191740556839953 453.7243045960446 660 292
79.05611524575995 35.169515345512 642.5659412048833 463 271
98.33974353635614 35.169515345512 619.584607911314 482 270
117.62337182695232 35.169515345512 596.6032746177447 502 269
136.9070001175485 35.169515345512 573.6219413241754 524 268
156.19062840814468 35.169515345512 550.640608030606 547 266
175.47425669874087 35.169515345512 527.6592747370366 572 265
194.75788498933704 35.169515345512 504.6779414434673 600 263
214.0415132799332 35.169515345512 481.696608149898 630 262
233.3251415705294 35.169515345512 458.7152748563286 664 260
85.00412198398433 64.14729013418406 647.5569114651673 468 248
104.28775027458053 64.14729013418406 624.5755781715981 486 246
123.5713785651767 64.14729013418406 601.5942448780287 506 244
142.8550068557729 64.14729013418406 578.6129115844594 528 242
162.13863514636907 64.14729013418406 555.63157829089 551 240
181.42226343696524 64.14729013418406 532.6502449973207 576 237
200.70589172756144 64.14729013418406 509.66891170375135 604 234
219.9895200181576 64.14729013418406 486.687578410182 634 231
239.2731483087538 64.14729013418406 463.70624511661265 668 228
90.95212872220873 93.1250649228561 652.5478817254515 472 225
110.23575701280491 93.1250649228561 629.5665484318821 490 223
129.5193853034011 93.1250649228561 606.5852151383128 510 220
148.80301359399726 93.1250649228561 583.6038818447435 532 217
168.08664188459346 93.1250649228561 560.6225485511741 555 213
187.37027017518963 93.1250649228561 537.6412152576047 581 209
206.6538984657858 93.1250649228561 514.6598819640354 608 205
225.937526756382 93.1250649228561 491.67854867046606 638 201
245.2211550469782 93.1250649228561 468.69721537689674 671 196
-199.07670921710613 -225.63045775253644 390.81520922020275 135 599
-179.79308092650996 -225.63045775253644 413.7965425137721 174 583
-160.50945263591376 -225.63045775253644 436.77787580734145 209 568
-141.2258243453176 -225.63045775253644 459.75920910091077 240 555
-121.9421960547214 -225.63045775253644 482.74054239448014 268 542
-102.65856776412522 -225.63045775253644 505.72187568804947 294 531
-83.37493947352904 -225.63045775253644 528.7032089816188 318 521
-64.09131118293286 -225.63045775253644 551.6845422751882 339 512
-44.807682892336686 -225.63045775253644 574.6658755687574 359 504
-205.02471595533052 -196.65268296386438 395.80617948048683 130 558
-185.74108766473432 -196.65268296386438 418.78751277405615 169 543
-166.45745937413815 -196.65268296386438 441.76884606762553 204 531
-147.17383108354198 -196.65268296386438 464.75017936119485 235 519
-127.89020279294579 -196.65268296386438 487.7315126547642 263 509
-108.60657450234962 -196.65268296386438 510.71284594833355 289 500
-89.32294621175343 -196.65268296386438 533.6941792419029 313 491
-70.03931792115725 -196.65268296386438 556.6755125354722 334 483
-50.755689630561065 -196.65268296386438 579.6568458290416 354 476
-210.9727226935549 -167.67490817519234 400.79714974077086 126 517
-191.68909440295872 -167.67490817519234 423.7784830343402 164 505
-172.40546611236255 -167.67490817519234 446.75981632790956 199 495
-153.12183782176635 -167.67490817519234 469.7411496214789 230 485
-133.83820953117018 -167.67490817519234 492.7224829150482 258 476
-114.554581240574 -167.67490817519234 515.7038162086176 284 468
-95.27095294997781 -167.67490817519234 538.685149502187 308 461
-75.98732465938164 -167.67490817519234 561.6664827957563 329 455
-56.703696368785444 -167.67490817519234 584.6478160893256 349 449
-216.9207294317793 -138.6971333865203 405.78812000105495 122 477
-197.6371011411831 -138.6971333865203 428.76945329462427 160 468
-178.3534728505869 -138.6971333865203 451.7507865881936 194 459
-159.06984455999074 -138.6971333865203 474.73211988176297 225 451
-139.78621626939457 -138.6971333865203 497.7134531753323 254 444
-120.50258797879837 -138.6971333865203 520.6947864689016 279 438
-101.2189596882022 -138.6971333865203 543.676119762471 303 432
-81.93533139760602 -138.6971333865203 566.6574530560404 324 427
-62.65170310700984 -138.6971333865203 589.6387863496096 344 422
-222.86873617000367 -109.71935859784824 410.779090261339 118 438
-203.58510787940747 -109.71935859784824 433.76042355490836 156 431
-184.3014795888113 -109.71935859784824 456.7417568484777 190 424
-165.01785129821513 -109.71935859784824 479.723090142047 221 418
-145.73422300761894 -109.71935859784824 502.7044234356164 249 413
-126.45059471702277 -109.71935859784824 525.6857567291856 275 408
-107.16696642642658 -109.71935859784824 548.667090022755 298 403
-87.8833381358304 -109.71935859784824 571.6484233163244 320 399
-68.59970984523422 -109.71935859784824 594.6297566098938 340 395
-228.81674290822806 -80.7415838091762 415.77006052162307 114 400
-209.53311461763187 -80.7415838091762 438.7513938151924 151 395
-190.2494863270357 -80.7415838091762 461.7327271087617 185 390
-170.9658580364395 -80.7415838091762 484.7140604023311 216 386
-151.68222974584333 -80.7415838091762 507.6953936959004 244 382
-132.39860145524716 -80.7415838091762 530.6767269894698 270 379
-113.11497316465096 -80.7415838091762 553.658060283039 293 375
-93.83134487405479 -80.7415838091762 576.6393935766084 315 372
-74.54771658345861 -80.7415838091762 599.6207268701778 335 369
-234.76474964645246 -51.76380902050415 420.7610307819071 110 363
-215.48112135585626 -51.76380902050415 443.7423640754764 147 360
-196.19749306526006 -51.76380902050415 466.7236973690458 181 357
-176.9138647746639 -51.76380902050415 489.7050306626151 212 354
-157.63023648406772 -51.76380902050415 512.6863639561844 240 352
-138.34660819347152 -51.76380902050415 535.6676972497538 265 350
-119.06297990287536 -51.76380902050415 558.6490305433231 289 348
-99.77935161227917 -51.76380902050415 581.6303638368925 310 346
-80.49572332168299 -51.76380902050415 604.6116971304618 330 344
-240.71275638467682 -22.786034231832097 425.7520010421912 106 327
-221.42912809408062 -22.786034231832097 448.7333343357605 143 326
-202.14549980348446 -22.786034231832097 471.7146676293298 177 325
-182.86187151288829 -22.786034231832097 494.6960009228992 207 323
-163.5782432222921 -22.786034231832097 517.6773342164686 235 322
-144.29461493169592 -22.786034231832097 540.6586675100378 261 321
-125.01098664109973 -22.786034231832097 563.6400008036072 284 321
-105.72735835050355 -22.786034231832097 586.6213340971765 306 320
-86.44373005990738 -22.786034231832097 609.6026673907459 326 319
-246.66076312290122 6.191740556839953 430.7429713024752 102 292
-227.37713483230505 6.191740556839953 453.7243045960446 139 292
-208.09350654170885 6.191740556839953 476.7056378896139 173 293
-188.80987825111265 6.191740556839953 499.68697118318323 203 293
-169.52624996051648 6.191740556839953 522.6683044767526 231 293
-150.2426216699203 6.191740556839953 545.649637770322 256 294
-130.9589933793241 6.191740556839953 568.6309710638913 280 294
-111.67536508872794 6.191740556839953 591.6123043574606 301 294
-92.39173679813176 6.191740556839953 614.5936376510299 321 294
-252.6087698611256 35.169515345512 435.7339415627593 98 258
-233.3251415705294 35.169515345512 458.7152748563286 135 260
-214.0415132799332 35.169515345512 481.696608149898 169 262
-194.75788498933704 35.169515345512 504.6779414434673 199 263
-175.47425669874087 35.169515345512 527.6592747370366 227 265
-156.19062840814468 35.169515345512 550.640608030606 252 266
-136.9070001175485 35.169515345512 573.6219413241754 275 268
-117.62337182695232 35.169515345512 596.6032746177447 297 269
-98.33974353635614 35.169515345512 619.584607911314 317 270
-258.55677659935 64.14729013418406 440.7249118230433 95 224
-239.2731483087538 64.14729013418406 463.70624511661265 131 228
-219.9895200181576 64.14729013418406 486.687578410182 165 231
-200.70589172756144 64.14729013418406 509.66891170375135 195 234
-181.42226343696524 64.14729013418406 532.6502449973207 223 237
-162.13863514636907 64.14729013418406 555.63157829089 248 240
-142.8550068557729 64.14729013418406 578.6129115844594 271 242
-123.5713785651767 64.14729013418406 601.5942448780287 293 244
-104.28775027458053 64.14729013418406 624.5755781715981 313 246
-264.5047833375744 93.1250649228561 445.7158820833274 91 191
-245.2211550469782 93.1250649228561 468.69721537689674 128 196
-225.937526756382 93.1250649228561 491.67854867046606 161 201
-206.6538984657858 93.1250649228561 514.6598819640354 191 205
-187.37027017518963 93.1250649228561 537.6412152576047 218 209
-168.08664188459346 93.1250649228561 560.6225485511741 244 213
-148.80301359399726 93.1250649228561 583.6038818447435 267 217
-129.5193853034011 93.1250649228561 606.5852151383128 289 220
-110.23575701280491 93.1250649228561 629.5665484318821 309 223
